# This file may be used to create an environment using:
# $ conda create --name <env> --file <this file>
# platform: win-64
altair=4.2.0=pyhd8ed1ab_1
attrs=22.1.0=pyh71513ae_1
blinker=1.5=pypi_0
bzip2=1.0.8=h8ffe710_4
ca-certificates=2022.9.24=h5b45459_0
cachetools=5.2.0=pypi_0
certifi=2022.9.24=pypi_0
charset-normalizer=2.1.1=pypi_0
click=8.1.3=pypi_0
colorama=0.4.6=pypi_0
commonmark=0.9.1=pypi_0
decorator=5.1.1=pypi_0
entrypoints=0.4=pyhd8ed1ab_0
gitdb=4.0.10=pypi_0
gitpython=3.1.29=pypi_0
idna=3.4=pypi_0
importlib-metadata=5.1.0=pyha770c72_0
importlib_resources=5.10.0=pyhd8ed1ab_0
intel-openmp=2022.1.0=h57928b3_3787
jinja2=3.1.2=pyhd8ed1ab_1
jsonschema=4.17.1=pyhd8ed1ab_0
libblas=3.9.0=16_win64_mkl
libcblas=3.9.0=16_win64_mkl
libffi=3.4.2=h8ffe710_5
liblapack=3.9.0=16_win64_mkl
libsqlite=3.40.0=hcfcfb64_0
libzlib=1.2.13=hcfcfb64_4
markupsafe=2.1.1=py311ha68e1ae_2
mkl=2022.1.0=h6a75c08_874
numpy=1.23.5=py311h95d790f_0
openssl=3.0.7=hcfcfb64_0
packaging=21.3=pypi_0
pandas=1.5.2=py311hf63dbb6_0
pillow=9.3.0=pypi_0
pip=22.3.1=pyhd8ed1ab_0
pkgutil-resolve-name=1.3.10=pyhd8ed1ab_0
protobuf=3.20.3=pypi_0
pyarrow=10.0.1=pypi_0
pydeck=0.8.0=pypi_0
pygments=2.13.0=pypi_0
pympler=1.0.1=pypi_0
pyparsing=3.0.9=pypi_0
pyrsistent=0.19.2=py311ha68e1ae_0
python=3.11.0=hcf16a7b_0_cpython
python-dateutil=2.8.2=pyhd8ed1ab_0
python_abi=3.11=3_cp311
pytz=2022.6=pyhd8ed1ab_0
pytz-deprecation-shim=0.1.0.post0=pypi_0
requests=2.28.1=pypi_0
rich=12.6.0=pypi_0
semver=2.13.0=pypi_0
setuptools=65.5.1=pyhd8ed1ab_0
six=1.16.0=pyh6c4a22f_0
smmap=5.0.0=pypi_0
streamlit=1.15.1=pypi_0
tbb=2021.7.0=h91493d7_0
tk=8.6.12=h8ffe710_0
toml=0.10.2=pypi_0
toolz=0.12.0=pyhd8ed1ab_0
tornado=6.2=pypi_0
typing_extensions=4.4.0=pyha770c72_0
tzdata=2022.6=pypi_0
tzlocal=4.2=pypi_0
ucrt=10.0.22621.0=h57928b3_0
urllib3=1.26.13=pypi_0
validators=0.20.0=pypi_0
vc=14.3=h3d8a991_9
vs2015_runtime=14.32.31332=h1d6e394_9
watchdog=2.1.9=pypi_0
wheel=0.38.4=pyhd8ed1ab_0
xz=5.2.6=h8d14728_0
zipp=3.11.0=pyhd8ed1ab_0
